1111111111111111111111111111111111111111111111111111111111
1111111111111111111111111111111111111111111111111111111111
1111111111111111111111111111111111111111111111111111111111
1111111111111111111111111111111110111111111111111111111111
1111100000001111000000011111111100011111111000000011111111
1111001111100111001111111111111001001111110011111001111111
1111001111100111001111111111110011100111110011111001111111
1111111111100111001111111111110111110111110011111001111111
1111111111100111001111111111110111110111110011111001111111
1111111111100111001111111111110111110111110011111001111111
1111111111101111001111111111110111110111111011111011111111
1111110000001111110000011111110111110111111000000111111111
1111111111100111111111001111110111110111111111111111111111
1111111111100111111111001111111011101111111011111011111111
1111111111100111111111011111111001101111110011111001111111
1111111111100111111110111111111100001111110011111001111111
1111111111100111111101111111111110011111110011111001111111
1111001111100111100001111111111110011111110011111001111111
1111001111101111111111111111111110111111110011111001111111
1111100000001111111111111111111100111111111000000011111111
1111111111111111111111111111111101111111111111111111111111
